243437
244791
239166
242864
247239
243489
244895
241875
243124
241457
243437
239166
245156
246823
242031
245156
242291
243229
238489
243906
237968
240416
245833
239374
244479
245000
241458
240208
239166
239427
243958
245989
238853
241562
239270
239583
235989
242083
240052
237760
238593
239635
244426
238957
242760
238905
244062
244322
239583
242708
240781
242031
239479
239062
342500
299947
274947
345780
353853
453332
357343
327447
308697
276978
276718
295207
273697
272343
274634
273854
332031
273020
290207
272030
273802
275364
269947
273124
270468
300833
274582
307864
299322
312447
275156
274895
278437
274895
272030
244687
241874
239635
241458
240104
240156
237812
242656
239374
239219
241822
241510
392603
241927
240884
239114
240989
245624
242135
242604
246145
247239
242082
239687
242916
242864
243020
241510
241978
240312
242864
240729
244427
247447
241510
392655
240364
242031
239531
238854
242864
244999
241197
240573
244427
239999
238229
241562
240416
241406
240885
242291
248645
274790
360937
273124
276822
275052
282552
288645
276770
311093
328229
315885
277916
275625
279322
273489
279426
290416
299843
334478
273645
311041
276093
289999
273958
299323
358697
268957
272864
275884
274426
273645
292447
283280
312239
272187
273177
272395
268280
275208
275051
273333
241198
239895
269895
239843
242031
309114
247604
239791
407030
245260
241927
275259
241197
310988
237812
242812
312551
238957
241979
273593
237031
240676
271770
243437
246250
277031
236458
245989
275312
237187
240936
284270
239947
246405
269478
236249
275468
314426
239374
239530
272603
242500
247292
272968
240312
244270
272082
239843
246822
293697
243802
239062
308488
239686
243333
272344
240468
244687
274791
238489
248333
273645
237395
242447
271666
236666
245781
269843
239583
246302
277291
317031
249375
264218
281093
243593
241822
273853
248645
241926
274062
246927
235468
276093
242812
241145
306614
246770
241666
272290
244426
244062
357655
244530
240937
355676
246614
241094
273072
239323
244583
271197
241458
244427
384426
238541
247916
241458
241875
242499
240260
236457
250364
243176
239947
245833
240052
258489
238124
235312
244114
239791
247968
241562
238020
241354
244427
238593
240781
247187
243124
246406
244739
235624
238333
245520
238697
240364
245573
240208
247343
242031
241458
251197
239270
235104
245572
235051
238176
252864
238020
238489
241510
238593
238229
245156
240208
241770
245885
239270
304374
244427
238333
238229
241198
237239
246978
245052
241197
246874
239687
240103
248385
239218
240780
240729
242759
244947
246458
239270
240572
241875
241666
241145
247239
239166
242395
240520
239062
238801
244843
239218
240000
243801
241093
240312
244843
238906
240260
246614
237864
240625
251718
239426
242448
243228
239687
238437
244843
240052
240937
252135
236510
241041
243698
240676
244166
241770
242187
236770
234166
244114
244010
240468
251562
240989
240885
240468
240885
242030
239270
237030
254687
245936
243281
240937
239322
238333
237760
239999
241927
240677
253124
248020
237916
237864
245104
239687
240832
243697
237604
244166
246145
241614
240364
240728
237448
240364
248646
239062
244062
245104
237447
240312
244426
237968
238645
249739
241354
241353
244635
241874
241093
239427
237916
242708
240207
239479
238125
249843
240624
242552
244270
243228
240052
238541
240156
240312
240833
242916
243541
246822
237395
241719
242603
239947
237552
247031
237760
243020
247499
235259
125729
242551
239583
238957
255989
238020
239895
239218
239895
240781
243281
239426
239270
242708
240103
238645
242396
241979
243177
242343
242135
239479
245364
239166
240781
242499
238228
242447
241458
237031
241198
245989
238542
241198
250468
241457
246249
243854
238281
241874
238281
239896
245729
243750
240260
246249
244427
240937
244166
251822
239166
244531
235417
243124
242604
238854
241041
241770
238229
240573
240729
239843
239427
241041
246405
242811
240468
246198
241198
237343
238228
244947
237603
241457
247083
239531
242760
244375
239374
237812
243072
239634
238489
248229
241614
367759
244010
239270
241770
243593
240468
240677
243125
239375
246093
243489
247603
238437
244947
238125
238698
244322
241926
241979
242187
241197
242187
243072
242656
246457
246249
244687
244166
238749
238697
241822
241093
243645
243385
236822
243436
240521
244322
247812
243073
238906
241145
240885
242760
241771
238437
244166
245208
238750
241405
244114
240207
244010
237759
236614
244791
243021
238594
243333
240989
242135
236197
244322
239270
245208
248541
238645
236614
246405
240624
244114
237552
243333
246874
243073
241145
243541
243437
243541
241822
238957
238072
244270
242499
240625
239739
242812
323280
248437
243593
241614
247291
239427
240885
243906
239739
240051
246770
240885
240728
297707
240989
242760
244062
240624
240676
241093
239687
248488
250260
243176
245781
240676
241874
243385
238229
235520
245937
244739
240520
247082
237239
238333
239635
248645
236718
240155
239426
241770
238802
242291
238489
238645
246354
237760
244218
236041
240416
252708
238541
243020
251770
238749
239583
242083
237916
278541
283853
241197
244635
238177
240468
246458
237187
241510
249010
237343
239270
241353
243125
89270
246926
240885
240520
243853
238020
241249
241198
245416
243124
238593
245989
238332
244739
249531
240624
237760
246249
240468
243124
243958
241145
241770
248802
242187
238489
238281
238906
243020
247447
242134
241614
250052
239635
242708
243385
240156
244426
248437
242135
242916
239166
241718
233749
242343
240312
239427
246406
241822
245625
245885
237291
238124
247656
239739
240104
243333
239270
246770
243176
242187
240676
244583
242030
239634
243489
238489
240573
244375
242603
238177
246145
239062
240155
243229
241093
240572
239374
248072
236510
240624
244218
240104
239948
246822
238957
241718
242135
241927
250104
239270
239634
240780
240260
237344
240573
243853
241249
242135
244583
240728
239426
242031
238176
240416
241458
238697
288229
242812
283280
242187
243854
239583
242030
237291
241197
236405
240729
253020
239634
245937
239323
239375
241145
242864
238801
239531
238281
246666
244479
245207
240885
242968
241302
237916
242291
241718
237812
241822
243906
238749
241927
242031
238957
236927
238489
240729
248853
241770
239114
245103
239218
245521
241041
238333
245728
243385
234999
243384
242968
240884
244113
244531
235781
239530
241718
242708
332499
246353
238593
243176
243176
245208
241614
241978
237760
247499
241979
239374
244739
242291
240625
243332
236666
241405
239843
246614
242863
244687
241562
239739
244009
240207
238646
241041
240989
240416
244270
364218
237707
241718
239218
237655
242187
241041
237603
247291
243021
236145
243229
241614
239791
243905
239009
236510
244635
245259
243281
244010
238853
241927
238593
238020
244218
240572
239634
244895
285624
239948
244999
238958
252603
242812
245052
237656
240780
239635
239218
246979
238906
239844
242031
241353
239375
240416
239687
244583
242291
243906
246770
239166
240051
246718
244999
238957
241302
247344
241874
241718
242552
238489
250781
239427
244426
239166
240364
243645
245260
239062
243698
243125
236667
237707
246250
247968
239427
243437
243801
242291
239739
246823
238385
239947
243594
241770
239635
248645
283332
241509
242447
239218
239270
243697
244010
311457
241353
239323
239218
246405
243645
243281
247343
243489
241509
238698
243072
238749
237656
247291
240677
286561
247031
236250
240936
244374
235989
242395
243853
242239
241093
243906
242031
237604
242187
239583
242916
247552
245676
239531
246978
241666
240937
246614
236822
241718
234270
239843
243125
241353
243645
244739
241406
240676
242135
236875
240885
242968
241301
238802
244739
243437
240521
241405
241510
241510
244426
239843
238384
246042
239010
239010
248853
240208
238958
248228
239895
241405
242135
236041
244010
247811
241979
241614
245208
240208
234895
241406
236145
246145
238176
240156
248385
239322
240781
248645
241874
243020
240052
237395
245207
244843
241145
242655
240833
242030
243802
241250
241197
244062
241666
240572
247343
243645
237812
240884
251041
236198
241823
244218
239010
242082
242812
239791
240729
242811
236458
243802
240781
237395
247760
241146
240989
251510
242812
234583
245156
236666
240416
249687
238698
239062
240000
241145
238541
243281
235104
238749
249791
235364
241041
245103
239583
244270
243228
239114
245885
242655
244218
248176
239114
239427
242291
247968
239583
242134
243072
237448
298540
240156
238853
240103
240572
245468
241458
241771
242707
242343
239426
250103
240416
239687
241614
247291
239062
239010
242344
244686
270676
304478
237916
243489
238072
237603
244739
236145
238281
248801
242082
247239
238489
240937
240781
243020
241561
243802
241458
239687
237969
244634
240000
243541
247031
242812
296145
245155
241771
238489
246875
238176
241926
242708
241562
239582
242551
238437
248801
239010
236510
242760
240468
237396
245937
241145
238437
249791
240208
238906
242343
239219
241926
240781
237135
243802
243593
241354
237083
242447
282239
242395
243228
240885
241302
245885
239999
247083
238280
238958
244895
239218
241042
253541
240885
246457
239061
236666
241562
244270
241614
244531
241145
240208
245416
234947
236510
240364
241614
240311
249999
239322
240416
241302
236145
237864
246979
246666
236875
341509
241457
243801
248905
243020
245260
241093
247447
244010
242968
248802
355677
241301
243229
244219
244582
244947
249166
241353
246145
249686
244687
244531
246927
244010
244322
237499
241822
238698
239895
246510
240781
239948
242343
244530
240572
238332
240833
245260
244896
246041
250364
244426
242499
246458
247396
244166
248698
241770
245624
243749
247135
249583
244218
250155
243906
244427
241198
244583
239010
240364
239843
240729
243385
239218
240052
237031
237499
237343
241405
236510
241771
241979
240260
243541
238281
237812
237395
240260
239375
238541
243853
240728
241666
241510
240156
235260
238489
238333
241666
241093
238177
328801
241249
239583
241249
243020
240728
245520
244113
244166
243645
251562
246197
247135
246249
245156
241770
240676
243541
235728
239478
239531
243541
320260
243177
239322
238801
241979
239270
239322
244687
239375
241875
243906
243489
247030
239114
239947
239062
241874
244583
241145
242395
335572
243176
241510
250051
239374
245728
240260
240260
243437
236458
239322
250207
244531
247552
246406
240155
236510
243020
243958
236770
240416
249166
242239
240520
247811
242500
240937
241718
243593
237186
245677
244062
240052
293541
241198
239218
240989
238541
234478
245624
240625
244271
246041
241302
241406
244270
240468
236666
239531
241249
243854
242812
241718
247707
241718
239843
241094
249687
238906
239896
243489
239947
242968
241510
240051
238332
243229
239427
239999
242395
240260
241301
249791
254947
237082
242968
236405
238801
250520
376770
240728
244062
247031
237708
245208
238384
238906
243488
246146
239947
247499
240677
240416
241093
246614
240572
241926
244947
236979
324635
246822
238385
239843
244374
240989
242082
242031
237552
294427
243906
237343
240989
242863
240000
240207
242135
238437
245468
242864
241198
238229
245052
239271
244739
246927
240364
242083
242916
235520
241198
240989
237135
239687
244062
236978
246718
241250
238802
246875
238020
240155
246405
251718
241302
237343
243645
239739
245103
246770
239270
236874
242551
238853
238073
241770
236562
237396
243698
240937
239583
246614
237812
240521
244426
248802
238072
237500
242916
237968
241614
243437
240676
239426
243125
238541
238228
243021
235989
239374
246041
243020
237811
247708
235260
239009
242291
242238
239843
247344
236458
241146
252864
242135
235625
237239
240208
249947
242552
242656
246666
237604
238333
238384
236927
246926
240624
238802
247656
237395
241353
250260
235885
246770
239009
238125
239948
245520
238541
242239
249323
239426
240416
251302
237916
237083
243176
242030
239895
245573
352395
237186
249844
240103
238281
242864
249843
237707
238541
237864
241979
246145
238958
239895
248698
238125
239895
247760
238853
242239
243072
239009
240885
246250
242864
238489
243958
237187
239634
254062
239843
241301
247447
237447
239114
252396
242812
344531
240832
237447
248697
240468
240521
240624
236875
247500
237968
239531
252238
239218
238124
246458
240833
240781
245729
236927
238802
243645
237448
242291
248489
242239
236979
244739
242916
239583
240989
242656
237396
238021
243489
240781
238854
253177
239687
239114
248697
241093
236041
240520
243594
238749
239895
242707
236979
247291
239114
241718
239375
239322
245364
240937
237239
382343
239062
238645
249791
241771
247968
239792
236770
245833
240937
239375
251405
240155
235572
245364
237239
238905
246041
236249
237968
249426
238958
238384
251613
238697
237656
239010
242083
248021
242291
237135
243750
238645
239114
246354
249739
237603
241770
248645
238802
331614
247603
244166
241927
246822
239323
238125
246041
240208
235364
241562
240729
240156
247655
242239
241093
250833
308228
243333
244218
236458
239374
243489
241041
240521
243802
243072
239895
243541
239739
237083
238124
240155
247082
237708
242916
244583
240260
239166
241875
238333
235989
240937
238437
240260
249635
299687
239270
243437
236874
241874
243853
240989
238072
244895
249635
239010
295833
237812
238229
243645
237864
239791
245416
240260
240416
249166
239895
242291
244635
239271
234166
248853
238749
240832
243853
266718
243541
242031
243281
242499
243281
238645
240624
241250
240312
243385
239739
239999
248489
246145
238801
243541
237656
244375
237396
236510
246249
241510
241301
244478
240260
239061
242187
244531
239896
237812
245780
240416
240364
250624
240207
238854
237968
246405
235416
238906
243437
239531
415260
245624
242447
239583
244374
237707
240364
239114
239374
240728
244530
240728
240833
241093
238177
237395
241874
240937
243645
249270
237447
241405
243698
240520
238957
238228
246197
243228
242291
246770
241562
235416
239531
238801
240052
242395
239479
237760
249114
238697
240416
238593
240156
237395
252447
238281
245000
235937
240364
249687
239739
243229
244583
241250
244687
240104
237239
246927
243646
239426
246458
238124
235833
245104
238957
237395
240885
247603
240312
247187
242291
238802
239114
245416
238541
239583
240885
240312
241978
248437
323958
242395
297447
239114
242916
238281
239686
239218
245416
236874
239791
240572
240729
293958
240832
238489
241719
242499
241718
239791
246874
242291
242448
244478
237395
239687
244739
237499
243802
244947
241041
235156
246093
86875
238906
241405
239895
237759
248437
236249
238957
244999
240937
244999
247343
241301
237968
247968
238645
235104
248906
234895
242395
243281
242291
372812
246197
238229
242499
244791
240051
239895
243750
240833
239634
252343
242187
243281
242708
237707
239427
240833
249218
235208
237968
249947
239166
243646
245312
241614
238958
237760
239062
245208
239792
242343
242760
238072
243281
243645
238333
239635
244374
236874
244791
238281
244426
239271
241301
248125
238958
237552
242499
238437
237708
243489
275520
240625
236250
276822
242916
238073
385624
242968
241978
277031
238385
241458
273801
238905
241510
287499
296666
246353
239843
240468
310416
239166
239010
272083
240728
237811
274270
238958
235989
389947
238593
241458
275260
241822
238958
274426
235937
240312
273228
240364
240208
272551
236041
235677
276978
242082
240312
274218
239322
238437
277447
238958
238020
272551
245364
237343
274635
241719
239114
289895
237343
245103
274166
243177
240364
364478
236666
239583
273437
238021
238750
280989
236979
318385
239895
240781
277031
243645
243020
279218
270728
275468
275937
274270
275989
273176
274843
273905
268957
274791
273385
272343
274895
273176
275000
275572
276249
287864
273541
289686
271614
280884
277395
326770
239166
241197
274843
238385
239010
270520
246457
240104
275000
239583
236249
274479
237708
239635
276145
238385
240311
297656
235572
239843
273958
239374
240260
271197
244114
241510
276770
269687
269062
273229
270207
270156
276249
272396
270937
275103
278020
272082
274686
270833
291978
267916
237291
236250
276614
234791
242500
278489
242708
241510
272135
238646
239427
272603
238541
237604
235468
239999
269843
289374
237916
237500
271041
239999
241041
273072
275832
240416
271354
272968
247135
239114
237291
239739
272186
273750
237030
239895
306614
238124
237916
276562
244218
235312
397395
241198
241406
275156
239530
241353
271770
237187
240468
353957
313176
258750
239218
240052
313801
242187
241927
308801
240729
240676
275468
243228
294322
244218
239635
309843
242812
236198
283697
240520
241093
276041
240989
236458
271822
241041
238593
275312
239114
239634
287551
235728
240989
275781
237083
240103
274791
238645
238333
273228
239895
239947
273229
237448
237448
269322
241145
244114
272239
236718
241041
273384
241614
241822
240728
294583
236302
240468
270312
236302
241979
246666
239426
273489
238385
237916
272239
238333
240989
309738
240312
235573
272031
240781
278385
238646
239947
273437
239010
245937
277187
240885
238541
271822
241822
236406
274531
237655
241197
272135
239999
292864
298645
275104
274583
239531
239739
275312
239062
235260
307447
238542
240207
275208
238801
285468
275728
242499
237499
275155
237031
239947
313541
238437
273749
242239
237812
275989
236562
240051
360936
240155
288593
238593
240312
274166
242812
239739
331614
241666
240625
277499
238645
240260
273906
239635
241041
238385
242760
303801
237447
240103
274739
243853
240260
329738
242083
238228
270885
239219
242447
280416
238906
238541
272291
239374
239166
278489
240937
241614
276666
238802
245208
278541
239583
241302
289270
243333
238854
239010
273853
235364
241250
271302
239218
237552
277551
241666
244374
368541
241666
358020
239478
320103
291770
244374
241771
307708
238749
239635
270625
238958
240312
274479
239010
243801
270937
239427
239687
274478
240677
239270
328905
238801
240156
273750
239479
241041
274218
239583
238020
270572
242708
240156
270781
244166
240520
338229
239531
241562
241301
240052
239427
270781
238280
239947
268437
239270
239635
275781
239374
238750
273749
236718
245833
275416
243853
240937
274270
236875
238489
240051
276770
244687
244739
240416
295989
234218
241771
236302
236927
277239
239582
281666
277291
241666
241718
274739
239478
241510
235937
288801
241145
242187
275729
238958
238020
271458
241614
237603
322499
242812
242864
275885
239062
240156
291770
238177
243385
241874
238021
290155
238385
240780
271405
321353
240832
291354
237812
238541
288280
239218
237864
273385
239530
239583
269374
241250
240676
272916
243593
240833
279009
243020
244114
274843
239166
272395
239531
241562
261666
235520
245468
238958
238854
241510
250520
237447
240728
235833
246718
293020
239374
238593
246510
239374
237552
242968
234739
239322
248541
237603
243958
245677
237395
238385
245520
236927
238385
240416
238802
236354
248697
239687
242291
248906
239114
242499
238281
240052
237447
247447
254114
237864
244947
241978
240989
237656
245781
238854
238125
242864
238385
239844
245885
243281
240624
295416
238645
240833
252031
238177
238749
237916
236770
243905
236197
238802
250885
240833
237030
249061
239010
236145
245208
239582
241197
243593
237395
242031
240468
244479
239166
243281
239166
235833
241249
236509
238645
249010
242603
239166
251093
241041
238437
242187
238281
241301
245051
236666
239531
249687
239375
244114
246719
239686
236926
244114
240676
238020
242968
235729
242082
245728
237083
239114
245104
238176
242396
238645
245416
237864
237708
246718
238385
247707
245521
237239
242135
242968
238750
239374
242447
238281
240052
246250
243802
239166
244739
240989
238697
240833
240312
245208
240676
239322
244739
241093
240624
244531
242500
237343
244791
238489
242500
248072
242655
241509
248905
239426
241927
244896
238697
238176
248437
239426
240624
247968
238124
239062
247499
237291
236145
242656
244583
240572
236250
245885
240572
236666
249531
238228
359374
245937
240780
240729
243541
236770
239791
243177
243124
291405
241978
241249
238854
241249
237969
243176
238541
239687
245155
239791
239374
246614
242187
278854
242603
241249
241301
238957
242812
243593
235520
246562
245729
236875
241822
241823
239219
244947
240468
240676
251145
321978
238176
244479
240728
237239
240780
242604
238645
239426
248177
241301
240364
246771
240468
242134
247499
237864
245572
240572
237708
249270
239634
242708
249583
240989
241458
242708
241509
238385
247500
241718
240833
247134
241562
240520
245520
237916
241197
243853
236875
243646
242604
244687
238801
246457
239270
241927
241874
242083
249166
244270
241093
238645
242291
240312
252708
238385
240468
244583
238541
309687
246718
240000
242968
245885
239791
238489
241979
242812
291041
244739
238072
238489
245051
240729
242031
243437
302812
239843
240676
238750
242916
243645
240676
287969
238802
239479
243176
238228
244739
241353
240104
245312
240260
239478
244999
242759
239062
241197
238281
239583
242239
240573
239271
290677
240468
239270
247552
240104
241562
237500
238698
241979
241562
240989
248801
239531
237343
239270
243593
236614
239322
248853
239218
244843
240833
238541
239687
240884
240312
240312
244478
240677
239947
243697
241093
270989
243385
307134
241614
248021
242759
240052
246354
240520
240781
247447
239739
240052
243229
241041
240364
246510
237812
239270
246145
242395
239634
241301
237239
241198
241614
236614
241510
251250
240416
240468
249062
236718
243646
240885
239271
241354
238801
235729
245312
238906
237968
238332
236041
242760
243176
239270
249999
335989
240416
245104
241666
236666
238801
246457
238125
237395
245520
238020
324791
243957
236770
275364
249530
236978
302030
239947
237135
271457
238958
236875
272083
239479
242968
274270
240364
236406
271509
242812
238176
327708
238750
240052
273020
239583
236145
273020
237968
236197
270052
237239
238802
273280
243542
238436
343905
238124
238125
272135
237656
239635
276353
236770
237031
269531
237655
238853
275051
237030
271978
239635
238958
272186
243488
240676
276250
238853
236458
273020
240937
239739
272551
242447
241146
275729
241822
240364
271145
240051
238853
274791
238020
243124
271093
239062
240989
286926
239479
242968
276249
243073
319583
279582
239009
239895
274791
239322
293228
239583
238854
241978
310155
240937
234895
273750
239947
241718
274166
244270
241302
356561
238853
244062
272396
240051
240833
275624
238124
241822
273176
306249
241457
237656
310468
241770
240729
302916
240312
240573
271979
242083
239791
274114
242135
249322
246978
240729
272031
235416
239010
269426
237083
242447
273593
277552
240780
244530
275051
237499
242187
271874
242187
238541
269582
275312
237603
236510
273073
236823
237031
275312
238749
241926
342551
238801
240728
274218
240312
238958
276302
236405
240989
277343
240156
244634
274114
238802
241666
278489
237031
239843
279218
242343
238957
271302
239635
241510
277707
239323
240780
277916
239635
281822
313697
319739
245104
281145
240208
288073
273541
240468
243332
273958
240676
239322
241146
291302
237343
234583
313125
235989
237864
278853
243229
240520
326353
241666
241041
275103
241823
240364
272500
238906
240728
268280
237812
240572
271718
244426
241249
366978
239635
240781
273646
240833
241614
297656
241926
242500
272708
293646
237291
241406
272134
240676
239478
270364
243958
239947
323489
237864
239009
275259
239375
273853
246510
240468
275780
240416
240156
237030
307812
236979
240572
289530
242083
235573
273906
242760
237708
331301
242968
237031
274114
237187
237343
274531
237759
240104
298124
330051
239791
239791
273229
240729
244739
272239
243906
236927
283384
243749
240155
273280
239947
238072
274322
235416
236770
273385
241353
238020
273125
237395
239582
364062
238489
241875
270312
239896
238853
272968
237812
240833
236926
275364
239947
241458
239426
239687
290520
238958
242552
287239
241457
241041
273906
240104
237447
273905
239530
239739
269948
233749
239999
268124
236875
239114
269999
245416
241614
360936
237864
237656
271510
236354
238125
272655
237707
239010
273854
237656
236301
275052
239739
239895
275989
239947
296822
274374
239844
236770
272396
240625
238176
238333
271979
238333
239582
273333
239999
291353
237187
236719
274114
241770
249687
276249
238332
250624
271718
243437
240468
274687
238697
280260
273645
236510
240572
287239
238281
240051
271302
237603
237604
271041
238332
241353
274582
239999
319010
272031
241458
238906
274374
237604
237812
271874
275885
238645
240155
267916
237551
238697
272343
239010
239062
395937
237291
236301
275416
239009
240052
284114
235416
238957
269166
287916
235104
240416
275364
239686
243020
289791
239948
236666
743383
240833
247500
239478
243645
273385
238176
241145
284427
238854
240000
272656
273645
235468
236301
273541
240208
243854
271405
243437
241301
327968
241822
237864
269583
238541
239062
270051
237656
241770
272604
240885
238437
273177
242707
240989
309218
236770
240208
273541
238229
238125
274322
237603
237552
271146
239479
237031
272134
241979
242135
277811
241353
236875
284687
238385
238073
278697
239322
239218
269374
278385
237343
237812
275573
235207
236874
273593
236301
237082
242187
241509
332708
241926
244635
273541
239374
240988
273853
239583
241301
271614
237708
239530
270051
241562
241562
278593
238176
250312
275780
239843
240885
273905
241510
239531
267603
277082
238750
241093
272707
239739
238957
276666
242707
242291
272656
241770
240156
276249
238333
237395
272552
238489
240520
271874
237812
240780
275103
241719
240624
276249
238228
245989
247291
325259
276823
239843
240468
271666
241353
238594
239687
272291
238333
241302
272812
238697
238072
271249
239531
276770
246145
240833
240156
241353
279739
240364
315572
273385
239426
236146
272916
237292
241145
238802
249635
235312
274010
238906
240833
273593
240000
243854
240624
238957
272395
238385
240364
271510
240156
241405
270989
236874
241718
271613
239478
241041
305520
239895
238906
292239
241250
240052
333385
245885
242759
299635
235833
243645
271614
240208
235780
291197
239687
237187
308853
242395
239166
270989
237552
239062
273853
243228
240312
275155
237187
238697
275885
241718
244791
276666
235676
241197
277552
239791
240051
274583
244687
242291
326510
239114
238906
275052
241197
242968
273749
244791
239427
268905
237916
242395
274427
238697
241197
275781
237344
246249
271353
243281
238541
272187
238281
240468
240312
248750
241249
279218
239843
238958
271301
240729
242291
271353
239739
241458
272447
238125
285989
241406
239427
272395
242917
238541
272759
236666
239010
266770
237968
239739
291510
243541
237447
408072
237916
239322
272968
241093
240729
275833
239947
241041
270989
239218
240052
284791
234530
240625
278385
237603
239478
270781
238228
236770
274374
237916
238489
299791
289061
237239
240208
289270
240989
238489
274478
240416
246926
240416
241041
239114
237551
275155
276249
271562
271198
234531
241198
239062
238229
240729
239062
239739
241719
288020
241926
239687
240781
239322
240729
239635
238853
238280
239323
240155
240729
239374
285312
239947
240312
242344
238645
237083
238385
234218
238906
240155
241041
244687
239478
283124
240728
239895
240208
239218
237551
242603
241197
237187
239166
241770
242395
237551
240676
240573
240989
260051
244739
242343
239374
238646
240208
239582
276041
244479
243593
340833
240989
242655
273645
242603
245833
293228
237499
246875
351353
245260
238957
345624
245051
243958
270520
245676
243385
282447
256093
239010
271457
246562
271354
236926
272083
249478
241197
276093
241561
241718
303072
244166
238905
274791
247448
246197
420155
243436
240312
271250
250312
242031
352603
237291
271979
249895
240937
240572
353541
238957
245416
237447
301770
240312
239219
275677
241978
239010
275103
236770
239218
273437
240729
239739
277499
239270
239583
349895
237603
241041
273802
240937
240780
274947
239896
238645
274270
239114
239322
273906
239843
237187
276614
242187
240937
272134
238489
239635
276822
240051
239947
238541
271770
237552
239374
279009
238749
283541
270988
241250
237396
271770
243958
239478
239166
269635
240520
238698
272395
243906
238697
239062
246719
275728
241822
244166
328801
241041
243749
271302
243905
250364
276822
240989
245781
246406
236822
276353
243385
243489
275781
242135
246197
238176
274218
241614
241301
292707
244374
238020
273072
249791
240156
322811
245051
241250
275624
245260
237916
276041
243906
240103
298437
297134
238905
237239
273385
247135
236145
241666
240052
274271
240781
243697
288280
238801
247916
316145
283905
245207
310051
238177
248541
272656
238124
248124
275885
239947
241823
270884
238645
242864
278957
236822
249114
287187
244375
246406
417134
242916
243333
355052
240156
245103
272916
241301
246197
272395
238280
245885
376561
239375
246041
355625
236197
248020
272760
241093
245624
239374
237864
243072
274583
240729
244531
346978
238645
246510
353906
238124
243958
273124
235469
252760
270103
244009
247447
342135
238801
253749
271926
263072
237916
289896
240572
238645
273072
242500
237031
271874
237343
238854
272656
239687
237552
273437
243646
238957
410207
240937
239427
274165
239583
238228
272395
238072
238124
275104
237812
237551
272916
237968
238281
73281
240833
324582
271979
241354
242030
274166
241822
240520
274062
239999
235624
272916
238801
241614
273489
238281
241770
269687
237656
236926
288228
241093
241718
310156
239426
238697
238176
238541
280885
234948
238801
274166
240417
240416
309166
241041
241718
296874
240000
236822
275103
243905
242135
272395
236875
243385
282499
287343
238906
238124
292031
235677
240259
275208
240520
239374
349374
241249
237916
274583
238802
243385
272031
239427
235885
269947
312343
235729
240728
269375
240989
239791
274635
243072
242135
274270
240781
240104
238697
240103
240260
292760
238228
238489
270989
240677
239218
276562
243124
238072
334843
239374
238280
274426
241770
239166
273697
240416
241562
239218
294166
238385
245573
272083
243437
237551
271249
244531
292395
239375
240573
271198
243124
239739
272030
238385
240416
275832
242551
239582
273176
240000
238332
237239
237552
273072
240728
239739
271561
239895
239218
275051
242395
273958
239114
241093
270885
238176
239635
287760
239114
243021
274166
240207
284479
271613
238020
239166
275156
251666
237239
270833
240260
237916
271406
246510
238125
288437
245728
244687
272968
247291
240989
245103
274739
245104
240051
281561
241927
237291
272656
240468
241614
273957
245572
242291
274738
310468
240051
335155
242864
239895
287083
243073
275989
242656
242864
312812
239375
244061
273332
240728
245103
274010
243124
242968
367082
243072
245989
356979
260676
238593
363801
244947
322863
272291
245364
244218
408802
272031
243228
242134
278958
245884
246510
352290
332916
241405
288593
240155
243801
273228
240989
248801
295156
242447
241093
242083
242968
240884
239010
239583
246771
239844
244374
243072
241249
237499
240364
239270
241979
240520
241666
247135
242864
381979
270468
272343
271041
271562
278281
272239
274999
270520
274791
271718
274426
273540
269791
269374
308593
267604
307291
268281
286041
294895
283541
272291
272916
269634
273437
307239
283541
278280
270989
242604
238021
237395
241405
238697
235832
237864
238281
241978
239843
239739
236458
239218
238645
242812
274479
276145
291510
300677
237916
241927
235051
238385
239374
240260
239062
241822
243437
239375
284739
242916
236770
242239
240936
239270
240573
240937
241666
237135
239427
239322
238437
239427
241406
243958
238853
288385
237864
237760
239791
238593
240364
239374
237864
239270
242968
240468
238124
240103
235728
239218
240364
239166
244687
240103
235885
240937
241667
238124
240780
238698
242343
239374
238906
276302
272135
249947
270884
278176
274374
281145
273125
290728
238541
243228
240416
237812
238853
239010
240833
240624
244062
247499
238697
308072
240416
241718
347968
238489
246457
354166
237864
248385
291562
240155
243541
285051
239895
244739
276874
245052
308853
237603
243906
271614
239114
244218
271301
240207
242656
286145
237759
273280
242604
238333
288749
240728
240468
275572
244218
240885
271302
245676
241042
295625
243853
241041
270989
240364
240677
280312
241874
243280
270989
308124
243645
238749
274583
244635
240885
273593
243281
240625
287447
248593
247864
271614
238229
237760
274114
239843
239947
294947
239010
242603
272916
238750
242551
269999
241301
242135
275573
237395
244010
275780
240260
249218
289531
292603
246093
296093
245885
242760
274739
244426
239687
270416
242708
240885
244427
269791
241875
242552
268853
243333
236353
297135
248280
236302
276302
245155
285260
271562
244375
243385
277916
242864
242499
242448
243073
275416
239114
238176
272447
238021
244322
275468
239999
244687
283593
244062
244270
355467
242864
239427
273802
242239
238281
287135
243645
236874
246510
241249
290312
243906
244375
288229
242656
303958
273489
242968
236823
277135
244947
241146
290780
243385
273541
243593
239166
276510
239062
246041
304843
238906
244114
271718
237552
247239
274895
239322
246353
277083
303645
244531
311197
238802
244843
273437
240676
245468
273229
237864
244583
294270
241666
242239
274478
235364
243489
279479
239062
293854
277604
239427
243906
312603
241301
244478
270572
240260
248489
272395
238125
250052
270885
240989
247655
273697
240573
244166
273124
242135
257343
271301
243176
245468
330156
241198
248385
242395
245936
309895
238698
242083
269374
237291
247239
271458
241250
243125
270884
239895
244218
278645
241406
357082
290468
240468
286354
240311
246249
274270
240156
241041
274739
238020
244062
273489
239375
248905
310572
306718
243697
240885
239478
246093
242552
246405
247552
241353
247604
271613
238593
240416
276510
308905
240520
241875
273176
241301
246666
275625
246094
273437
237864
245103
276770
239686
247656
239687
246771
276354
242499
240677
277655
251197
240051
242083
287395
239114
240833
269479
242083
242552
275572
242969
246562
276302
240416
247551
274427
303749
242604
272812
241771
241875
274114
242291
248853
283488
238853
238958
280832
289374
237864
243593
273125
237135
242135
274686
242969
248906
332916
239791
244166
242604
235989
276093
243333
239478
285572
243593
238749
239791
250572
239947
272448
239322
240312
271770
241875
243801
242499
240833
276718
245832
241978
272187
248333
239167
242187
272187
239479
245832
282186
238854
241614
270468
239114
243177
276927
239687
250208
272916
239999
240260
272291
245780
245156
341770
237083
246249
284166
244739
240625
270260
239270
245000
282291
244531
245000
273957
237499
246041
239583
244791
273646
240520
242708
276406
240624
244687
239322
239374
268176
237447
251041
274895
239426
269531
247343
239531
400884
244375
243228
285832
245677
239479
276509
248750
240989
243541
281926
242186
236614
270833
250780
242604
270051
245259
237812
276666
239635
236614
275468
239948
244322
286406
238489
242448
269427
240416
240260
273281
241926
236926
276041
240156
238385
290937
236927
241927
276458
240885
242343
273280
288906
237083
239530
273229
251354
239947
273697
242187
244375
273281
240364
239895
272551
240729
239062
274479
275885
238177
240989
272551
238541
239323
270937
242864
241042
406093
240572
240989
275521
240520
238125
288488
235676
240677
269427
238541
239426
277551
238541
237239
277083
238802
355468
242082
238020
274062
238124
237760
293176
238541
241771
271406
236457
241875
303073
241614
241718
334999
238853
241041
242552
271197
236927
238489
274947
250781
246250
290936
241406
241771
292239
242812
238645
290989
240364
237187
273228
239375
240312
271874
235520
237760
276875
240468
237968
272604
239896
243854
242083
238333
272343
239426
236926
311457
240468
270728
238698
237447
276041
238750
238750
274531
240729
243750
275781
238593
242499
273958
239999
240000
273229
236927
238489
277499
238853
238749
287499
239322
244635
275156
236458
241927
275103
237603
242343
243385
354895
240416
242187
273905
237551
240364
272239
244062
240155
279947
241822
240989
271197
240885
240780
272604
238229
239948
308957
238593
238333
274427
238124
240000
237447
237030
278072
240104
329114
273281
238333
240364
275155
240520
238229
235989
237551
271926
237395
238541
275000
239530
238593
279583
241041
319791
275885
240676
237499
275677
239634
241249
237291
239009
269791
307916
237344
239478
270364
237343
249739
290937
243541
234843
270676
240104
240208
276562
242447
241093
335624
237655
239010
242551
240312
311145
241249
239322
308906
239374
240521
286093
241406
239270
276458
238801
239062
274739
239739
239947
240260
300728
238176
239999
272916
237812
240625
276457
235937
238801
271353
237864
283593
240260
239166
273802
241041
241979
238697
236614
271405
242603
240728
273801
237187
245989
272604
239062
239895
306561
256718
418019
288385
244322
237656
307031
239843
241978
281041
237604
276145
238801
236667
275884
239479
237812
313489
240937
240676
275051
243020
238021
271822
240833
237759
273437
239530
238072
242031
238385
275416
239635
235936
273593
238958
238750
272083
237239
240260
285885
238489
236874
240468
240207
271510
240676
240572
271666
245781
239791
358020
240260
241718
271405
239634
239218
273281
240468
236197
272291
277759
271354
236353
267604
242708
243541
309009
237447
241978
312395
305260
242499
270729
239114
243541
273801
276770
234270
237134
270416
239167
239375
273489
239478
238072
274270
236979
244114
274999
236510
241249
271250
237552
240521
236093
237239
234427
275051
240572
240833
278749
240155
244947
274375
239791
237760
276406
241406
240469
294062
240155
238073
294738
238385
239062
291197
236562
241927
295624
296510
235260
270780
241145
232864
243229
235520
239270
243124
239739
241354
238020
238384
238802
241249
242135
242500
275781
271249
272811
274530
238021
239635
240155
240416
240104
237499
240989
239999
238333
240469
243541
239062
240573
272656
271458
238854
241927
239062
241093
240104
241874
240208
243593
240103
242030
238906
237864
239635
274479
275573
237656
240000
239479
238853
239948
242864
246510
242187
292239
237291
238281
239478
240521
236978
240885
273957
239114
236561
241458
235573
239791
243957
238697
293020
237239
240416
237239
239426
238177
239635
271458
269895
241458
240729
273280
240156
235520
274114
235521
237552
277968
240312
284843
274843
240103
238437
277604
239531
239791
294791
236510
242916
306666
236510
242239
288905
240469
242083
273437
241562
243385
275156
243020
240364
244582
272343
236875
240051
274166
271718
235676
238802
290729
251874
272135
240052
238385
273436
239218
240051
275051
236614
243957
275884
236823
238385
276458
244947
241927
288280
240468
239010
275989
240676
240677
272551
243332
239218
275676
239687
238802
273958
241667
239010
272135
237708
240833
276978
239739
239635
273801
241354
235468
272916
239166
241979
281353
238906
304582
239479
273593
273385
237707
239114
270832
242603
238020
271614
242499
313489
310885
242603
343385
240051
249947
272968
237916
245729
276197
238854
239843
271041
270260
240156
241874
271718
237655
245312
272135
239426
241875
274739
239478
308228
276145
241614
242864
273020
237760
244062
292187
237343
270885
249791
239270
271978
241301
238906
298020
240208
239739
273072
247604
237656
289583
243280
239114
240155
240781
270312
241302
244583
272551
240520
247343
288333
309999
242603
235989
285729
241718
238906
273333
246249
240312
325833
243437
238333
241406
275520
239166
244583
289530
240156
275207
243385
237239
292083
240937
241197
237759
243229
304322
240052
249062
271510
242030
244374
434999
239791
241301
271979
243333
240260
274531
240572
241822
286822
241875
242343
276301
238958
241094
273958
244166
238384
296979
249062
240364
280885
251145
286197
274634
243437
239166
275677
244895
241458
252447
272499
238749
241978
271822
240000
244166
276874
240832
249791
290832
240051
242448
270937
243281
274687
239426
245207
275416
237708
244322
283437
237864
244270
273177
235156
245520
268229
238541
246093
367030
241197
245781
272968
241666
244895
272916
285363
242864
273801
241353
245312
277344
241458
247916
272812
240833
243437
271978
296822
245573
241510
273333
246249
241979
305312
248124
238645
272552
241666
238384
268957
244687
239270
272187
274635
243958
240780
244323
245364
239739
273801
244323
234166
291405
243854
245104
276978
249062
240780
278593
247135
285937
269374
245625
236666
289218
248958
240624
271875
248436
238801
269791
238333
242812
239218
272499
243228
249531
360311
239323
244062
268072
235417
245052
353906
236979
246874
359843
240052
244010
273228
238853
253593
279166
240468
245728
277135
237291
294479
273645
241510
241250
305520
240729
246771
312395
240051
245364
238489
242812
239687
237551
241718
244531
239948
248854
240781
240937
245729
240833
239166
240676
242812
238906
327863
236250
241250
248489
244530
239687
239479
245677
241354
324270
240260
237604
240885
243593
238802
241874
240677
241979
243489
237343
247291
240989
240833
244062
240937
242552
239843
246510
308072
236822
245468
246145
241562
244739
240259
238020
244218
241770
238228
241875
241354
240728
248958
241353
310051
243593
242291
243072
237812
242551
242186
240572
246562
243697
244739
240000
245520
242396
239896
242187
240520
243489
248176
243697
240624
244948
244843
247187
238072
240937
245728
239219
249114
247968
238281
235885
243489
235937
244531
242812
238541
244218
248073
242916
239999
244687
239531
242083
240052
236198
242603
248593
239426
240260
245156
241562
243125
239635
238853
243385
243437
243177
243021
241353
269791
240311
239530
244635
242760
241302
240885
237135
236771
251145
86354
240624
242968
241770
240468
245259
239947
240520
245468
237864
240624
244114
240052
240208
244739
240364
237916
246458
238333
238593
244166
238020
238228
240156
237760
235468
248437
239010
241771
243385
239478
236927
247031
239634
238281
242395
241041
239270
245833
238593
242500
238384
237916
245469
244062
239114
246770
237916
240572
242187
233853
291509
245312
240259
273124
238541
240468
272447
237135
240259
272082
237916
237551
268072
239635
238750
274530
242395
239322
274531
236250
239166
272083
239166
273905
240781
238957
275833
239322
241093
273072
239687
240260
272655
239635
236562
273854
237760
238437
270363
238697
238802
274947
245052
239895
281875
235781
238281
270208
236250
239739
271718
235936
238593
283177
239271
237968
275155
238281
237916
328020
239009
298593
246145
244010
274791
239479
242499
313698
237656
237499
276093
240468
241302
273801
236927
238697
271561
304895
235885
241041
272968
240052
242291
277968
242343
240624
277499
242083
240833
276041
240364
239531
272187
237187
243541
270572
238489
236510
277760
235468
239739
316301
236770
241406
271874
239479
240521
292291
238281
239218
273229
239218
274270
241353
238489
278281
237760
237031
288645
240989
242707
270729
244062
251093
241979
238333
328333
241250
240729
271457
238020
240260
271771
241874
243072
274374
276041
239427
240677
269218
241562
238594
274166
236406
237968
276354
241979
241614
294009
279010
238280
306978
241405
238437
307760
234426
239322
288385
238229
238958
271978
235521
241822
288281
242395
241354
325467
240781
241094
240156
241458
289583
240155
270989
239166
237968
276093
237031
243384
273177
240572
243905
290677
245207
255312
278385
241249
322603
271875
238905
240052
271718
235051
238124
241666
293020
239530
241979
269686
240572
239843
274790
242135
243020
334374
238750
241197
273124
237448
241093
272083
239322
240207
303385
305833
236770
239687
287083
242395
245416
270781
243436
240208
293853
242708
238853
274739
238802
240260
272656
239896
237656
273072
237343
236926
273228
242083
240260
340780
238905
239479
276198
237916
256770
276979
240781
242812
272603
237604
242916
275936
241197
238385
284843
240155
272187
241250
237500
275052
239843
240260
277916
235156
246979
276457
238958
242603
272552
240989
239791
290937
240468
274635
271250
240052
243645
269530
240520
239375
271978
241510
244686
324426
238020
239062
270728
243176
238489
299114
238698
240051
270416
239739
238228
268280
240260
239478
276666
239166
240572
240468
239635
311250
239739
234999
241093
241979
294531
272186
272603
274791
279062
273332
311978
273281
305884
272916
276301
272134
274270
279010
271770
276353
271770
273072
272343
243385
239270
237812
234843
237448
240416
271978
273489
273021
273072
274271
271301
239427
240624
238594
239010
239635
241405
245104
239531
239219
243906
241458
243489
240677
236770
239686
239530
241771
239583
240260
238384
238384
237656
241770
242343
240468
288176
236770
270936
272187
270729
272656
241979
238854
234531
238333
241405
240104
255624
240364
238020
240103
241146
238228
239739
239687
237135
272447
274062
273073
276978
236405
238280
238436
239635
238854
235989
294426
274530
304218
276978
353541
274062
270989
274009
271666
272499
281145
269530
270832
317551
270676
306405
236718
238437
236041
239166
240781
238750
243853
243541
244634
241145
246250
240000
240676
239583
241562
236041
236406
234531
239167
238333
240572
294791
239323
242395
241510
240311
239791
241562
271562
236874
237760
241718
240312
242031
238020
240729
245833
238854
239635
240468
241458
240885
240052
277603
274791
274427
274687
274791
276874
287604
274739
271666
274999
273124
274791
270728
239635
237396
273541
234582
236874
248957
240780
288802
237551
249114
240312
242343
250781
239426
244895
236770
239218
244219
4262072
239791
249843
278698
239583
248176
241145
238333
244739
241822
237604
246979
238332
238281
247759
238958
240000
249843
286666
239687
245468
244635
239114
243802
242552
238541
248281
239010
240311
326249
237812
243697
246770
238489
240780
240416
239791
244947
237447
239947
251146
237812
240885
241353
240208
242343
237083
239687
243593
239687
242134
246822
245364
237656
240468
243072
240989
239427
245260
241562
244166
266822
262708
245208
237708
244479
240416
241770
312239
239218
239791
246458
239583
239375
243437
237603
239687
243749
241250
241301
247864
327499
240520
243749
240937
238489
236405
247707
236874
239583
239218
240104
246666
241406
250884
239218
237291
244583
246302
239739
240832
248645
242864
242239
239635
240729
243645
249635
239374
237448
241197
242031
240103
242551
245677
236823
250624
235520
242812
239999
253281
237187
241510
244739
239375
239583
245729
250521
242083
245781
249739
242031
240260
244061
241354
239844
245208
239010
238176
243489
233958
240051
244166
238281
238072
246614
240051
238645
241613
243384
243646
245104
236718
238645
242291
240468
244322
237448
238332
243801
234896
237812
243176
233489
241562
244218
245416
238489
247864
239791
238229
235781
246249
239947
237916
247239
237500
240156
244844
239687
239114
243385
237968
244895
248853
244583
274009
239583
241614
308905
239062
242187
271145
239948
239896
272864
237187
238281
282604
239947
237135
270416
237656
239219
280729
239478
240208
274009
237239
240781
292239
236510
238697
271197
275520
239062
238646
275989
273593
238854
241093
271249
240885
242031
275780
237812
238333
276614
239374
241093
272760
298645
239062
271718
238541
238593
273698
239739
239582
274009
237708
241249
270572
240417
237864
274843
280416
237187
239010
283020
243958
239843
269166
243802
239114
275312
238489
238697
272864
240104
239270
300520
237916
271145
240937
238698
271614
237343
240832
276875
240885
239114
271770
239166
240677
270156
239114
241561
298645
239634
238333
277708
240312
303853
276093
305833
239896
232968
240781
242447
306510
237760
237812
307708
234270
236614
273906
238280
238750
274686
242760
239999
273437
238541
264323
276614
252030
239375
269635
240521
242239
269478
237082
235260
276562
239218
241145
270051
241458
238489
321145
238229
239531
281249
235468
242708
271614
239375
240572
270103
239219
240312
272811
274114
239010
241926
267135
240833
239218
272499
239895
239374
271666
241875
237239
272864
240260
239634
273072
237864
235468
268280
239635
235520
272968
239791
237447
277916
240468
332603
276354
240520
242812
273958
240624
235208
286145
245364
240000
274322
247812
239843
296613
239113
239531
274374
235937
238020
271562
239479
239010
273384
240416
239947
282707
236770
239947
275156
315311
240521
273905
240781
239739
277030
241198
291354
239062
241354
308281
237239
238332
271354
240833
241926
275676
241874
236406
273906
239583
239530
270260
239166
241926
275781
238229
243697
269687
240156
315572
240052
240468
275624
241354
239895
273645
242031
242603
274322
258489
241458
303437
237656
239114
268073
242030
245989
240469
239009
273541
237291
242916
273177
240260
302447
270208
238697
238281
271041
242552
241457
292604
240260
273957
274947
239322
240312
268854
236718
239583
275312
244010
242447
285520
236093
238645
273072
239739
239635
272551
238854
238957
277447
239271
233958
272707
238749
240260
287135
241353
238020
274323
238801
240207
274738
271770
235885
236614
271198
249374
238020
269947
238541
239427
310937
239218
239843
271770
241718
240989
312760
239062
239948
271979
238645
271978
239114
269634
238437
283958
240312
242239
274999
241874
240000
277030
240208
82969
274323
239896
239739
285989
239947
240103
238854
307343
236510
240520
274583
239427
241822
273072
243124
238489
274895
239530
240520
271145
241458
239478
275312
239635
239739
283020
275207
238020
237083
274009
242239
242187
241509
245625
249166
305364
241093
243593
239635
241666
238645
239218
239374
244218
242656
240676
243176
238228
237603
241562
245520
235572
240312
244478
238541
240468
243020
239322
248124
237291
240052
242343
236197
240208
245937
240676
235364
245676
237135
238801
243593
239791
241041
247968
240104
240833
250781
239322
237760
243801
239739
240989
247083
242499
242864
244948
240416
241666
246719
239427
240156
243646
242812
279531
242604
242760
291978
250573
240208
272551
240468
239322
273541
247603
239791
275781
245104
238072
243228
277499
241354
243436
274999
241927
237082
277916
236770
244583
269791
237396
244791
276093
240312
245208
277083
237656
242916
239218
239114
276718
238228
236406
277969
235937
240989
278176
237499
241979
278229
238124
244062
275312
241458
247552
293176
241249
241197
271302
237135
245676
275781
241666
273020
242499
241978
359166
246561
243853
272082
240989
233541
308228
245520
239843
236719
242499
276510
240989
247447
286770
240937
244270
279582
239322
243229
274634
240312
244167
275729
239583
244427
238437
273541
240416
239218
274687
239582
236197
289947
245208
239583
272447
245884
239687
275052
243124
240156
273697
246822
242448
292968
291666
239843
270676
245103
238854
285468
245103
241041
272760
243645
237708
275416
245521
242031
277760
240520
242863
271302
239426
245364
272968
238489
241874
279114
250573
288593
294478
355780
239686
292707
243020
238333
273177
241093
240677
238281
243646
270676
238177
242864
276614
267343
247083
274531
239427
242083
276510
240416
299687
279947
283176
240989
272968
241197
249062
309166
240781
243281
274583
236562
245417
277135
276614
245104
234843
273489
242759
237603
270208
245468
241302
275103
247656
238436
274791
248332
237291
276458
240780
239427
241822
273229
239947
276197
241145
244375
271562
239895
243020
274166
307447
243229
241875
279062
245833
241197
273021
245312
239479
270260
243645
240416
272551
240521
239530
271353
244739
237447
283541
249426
238489
278594
242707
246093
311197
246354
239530
393384
245364
272760
240468
242083
275104
240833
251510
275260
241094
238958
273801
244426
238489
272030
265625
240884
274895
239427
242134
274270
254374
235677
270520
269426
238593
236197
272499
240781
244530
309061
338437
238957
308697
272916
236875
240103
274687
238958
239791
237759
272916
238541
235520
271823
238854
241405
273228
239323
240364
322864
238280
243176
271770
238124
240312
276145
237187
242239
269426
239061
238385
274374
243177
240468
448541
239791
241875
274478
239531
241978
272968
236979
238333
271093
287499
236093
244374
243280
243020
307134
242656
241510
276041
242499
238437
278489
241562
241458
274687
239166
237135
275937
238333
239218
269687
235884
236093
273281
244635
238228
271145
242291
238854
272811
239999
239635
282655
236979
241249
270364
240520
237656
276093
244062
243125
278124
241770
293280
274010
240781
239895
270885
241197
240781
236822
241561
240052
273697
236353
239114
276093
237968
277239
273072
238384
237604
277447
243958
251458
276926
243854
238802
274374
239635
239895
269947
234531
270937
242447
239062
273176
236978
234895
271562
236978
245364
333957
315052
237812
269270
237291
243333
276145
237552
241094
276822
238906
241198
272291
240572
236979
273437
244635
240416
392551
239322
241301
279270
238176
240312
274114
242500
240364
269531
241406
238802
274843
237396
240208
293489
238177
244739
305207
282760
240624
285468
239114
273124
277291
245520
240937
238958
304218
240468
239374
272395
239166
242447
272343
243489
239895
272187
241822
238385
274947
241458
240000
274843
237656
241978
271666
238229
245728
274895
239999
236979
276770
240989
241145
275937
237448
241301
305625
240520
238801
272031
275520
239010
238593
277239
240260
241510
273125
236666
239947
271198
237968
241718
272499
241510
272603
240312
238281
275937
242083
314999
274374
244635
238385
310155
241718
243229
303698
242708
238697
273437
239426
241249
272916
240937
242239
269635
244687
240416
278280
242603
241874
271458
237968
243645
276770
238593
241614
274426
240572
237448
277759
239843
240781
280051
236927
283176
272030
239114
246770
272916
276145
237291
240052
275052
238645
239999
273020
236302
238385
273750
240937
242500
326823
238906
238958
247031
239270
238749
243385
239478
235832
249427
238645
274166
239479
238437
273853
244479
238281
240312
243072
276978
240989
239270
238541
271041
240833
240052
275780
242135
238593
274739
238125
241353
288957
242916
237812
275989
240468
242968
278228
240468
236562
271145
237917
235104
298697
242030
241822
275885
235729
240781
275208
242447
239010
276666
240103
238281
240989
272916
238541
238124
273229
240052
241041
273541
243124
241614
323280
242343
242186
275677
235051
272499
249010
242186
274114
238854
237395
236666
373072
236146
235573
277344
239062
237968
270989
243332
236823
283541
240677
287500
239322
240624
271250
241250
241406
273750
237447
239687
267030
237395
239270
275833
244791
241406
330937
239531
240051
269843
235676
240312
301666
241458
407759
240572
290781
237760
237187
273020
240937
241822
271822
241302
240468
271562
236719
291614
240051
239895
235729
274426
235573
239791
280624
287811
237812
243281
272187
237760
243177
274634
85573
241770
274947
242031
241093
273333
238228
240573
272655
241666
239062
271093
240207
238177
357708
236666
242135
274948
240728
238489
295833
306249
240052
239114
275833
238072
239739
271510
237760
241822
272447
245572
240729
276353
238229
238906
276301
238593
239426
272396
238802
240312
279583
238801
235155
273645
239323
241718
277135
239583
239531
277968
243697
244531
294322
236614
240520
291562
237916
237239
272604
237187
243021
273124
238281
240103
273594
244114
236301
324583
242760
240937
271719
236510
239739
275989
237864
240311
271822
239375
240417
274582
240729
238228
276666
238020
236561
284114
237291
238749
275520
237291
240000
269583
238593
239947
273332
237447
241510
279010
237708
272655
275155
239530
241457
272030
240780
240468
238437
310207
239843
239895
275104
239947
249895
312968
240937
237916
275521
241614
237291
274686
241875
238802
369322
241771
243333
276823
239479
241614
288124
240833
236354
273385
238542
235416
273228
244478
240468
276093
240572
325415
273436
239114
239896
273906
240416
239271
312812
240729
238749
309062
240781
239843
310937
241406
244062
294635
322031
239062
287916
242031
240259
280104
238958
239843
271093
236979
236771
270833
239531
237292
278333
235572
246614
238905
238801
278332
240052
243541
274062
238541
240312
335833
242135
242135
275416
240885
249374
272552
242083
242083
236614
276666
240520
237239
275572
236666
239218
273072
239947
241145
87656
237395
238125
272238
239166
239010
274687
238385
245207
277291
239426
243593
273750
240624
239583
293541
239426
237968
272916
240520
240572
275260
243020
237760
240833
237656
280885
242083
243073
274478
242656
238281
271458
241926
243228
272968
233021
399478
272812
240885
240937
276353
244009
241301
372864
243593
242500
274426
240155
239635
276666
239009
240937
270728
238176
239166
274374
243228
239375
277030
240729
242812
279999
240208
237760
273176
240156
238489
275572
238020
237760
274791
233854
236562
275936
239634
237239
274635
241405
241250
269739
237343
240155
270000
236926
239687
274895
309687
278593
292655
284062
289791
275780
270989
270312
269895
274114
273437
274895
267863
269166
270989
277187
271822
273020
270155
272499
275000
275208
271354
270989
274375
273698
276249
271510
270051
290781
272239
305156
268488
309947
287707
289270
269948
272864
271510
287551
271301
243436
237812
241510
235625
239530
242760
243333
237447
241093
240781
240052
237707
237864
239582
273384
275052
239479
243437
238385
241562
239062
238489
242135
239374
259010
238593
235885
239999
242447
238802
242760
239999
239999
241822
237812
239374
238124
240051
240260
237864
237551
234895
238437
242968
238489
244114
241666
235469
239323
236926
236145
241719
238698
236771
236822
239374
239582
240260
233854
235468
243749
240520
239635
235885
237552
238177
239270
241041
239479
238801
240572
234271
239531
239062
239166
241197
235884
239791
241926
242968
238958
237447
241405
237031
238072
242603
235416
239218
238228
239947
242239
239374
238020
239895
236302
241145
240260
273125
239270
238437
239999
239999
238750
243125
240728
285311
239947
239948
241197
240572
236510
242186
237968
244166
237030
241510
242864
239062
244582
238177
240780
273750
293540
273749
273853
273072
274218
274062
328332
240104
243646
242708
242291
239947
241666
239895
241041
237604
240937
237864
240260
241718
241250
242707
238229
235833
240520
236927
241301
241249
241718
303958
239166
240937
268645
242343
238905
274114
243489
238594
370051
238749
242187
285884
239323
239583
274791
234478
239635
271249
235833
237812
271562
240624
240520
275885
239999
289583
236874
239739
239010
240781
239218
238957
272291
267499
268489
273697
272186
273437
269895
274218
269895
274114
274218
291458
274166
240520
239479
238593
238489
242447
242499
238125
242551
238384
241250
241458
238698
271249
271405
237969
236978
241562
240364
238905
240572
241509
243229
237239
240416
240833
242343
238958
241770
238802
238437
240103
240000
244010
245625
239686
242135
239530
240624
240989
239896
271822
288645
239635
243072
270363
238749
237343
274687
241979
240677
346718
236718
242395
306353
239583
238541
277708
238749
238437
271770
274479
237187
239531
269270
240521
241875
271822
244583
238698
273176
256249
241874
242448
239114
275676
240937
271354
239791
240625
271353
239375
241301
270104
241145
237343
285000
241666
240521
277760
240312
239635
273124
238958
241562
273177
242031
239999
238385
272708
238073
241042
271457
241510
239582
274530
241875
242551
273176
237760
237708
273645
239844
239062
276562
235469
240676
270885
241614
239896
297135
239322
236041
277551
240104
241510
273489
242291
238749
270103
242968
274426
250937
251249
240729
238177
284999
243646
237760
273489
240625
237864
273541
236666
310416
238124
238333
271041
236718
241666
267083
240625
240936
275937
240104
242031
272708
239010
239427
277083
236562
239739
275729
238177
239218
272499
241093
237343
280312
240885
240208
271562
240625
240364
287135
240208
242969
272759
235572
240260
269166
240729
239531
271249
238750
238124
278749
239062
290624
272447
236979
240573
273489
241562
251823
272760
240624
239010
296301
242656
241302
239166
274219
237343
242968
281458
238228
238645
275311
239947
241562
272291
242499
237656
272343
239062
238489
240625
236250
275572
238541
240625
283645
240104
322499
331041
357447
239375
271874
239791
239999
289895
239896
236249
269687
238958
243281
288280
238645
239947
271145
237707
238645
273176
241718
346145
292031
314843
240104
272656
239739
239323
273437
237135
238176
275416
238229
240416
272603
241509
240364
328176
241354
237291
284791
238645
240989
288489
240989
235572
270156
275832
239947
242447
271822
237707
244114
276614
240260
238489
276093
241822
239479
271249
240937
236406
274686
240677
241197
271926
237916
242395
274583
245832
243072
326458
237656
241301
238853
239739
243489
236457
237656
238073
240312
240833
243593
241822
293124
239062
239323
240728
242187
239270
240364
237969
240468
240104
240520
241302
238750
241249
237812
242187
241406
238176
240989
241875
238229
239739
237551
236614
238332
237812
239219
238854
280884
239479
243228
245520
238333
242186
239843
237916
238801
236509
240989
241457
240520
240000
237604
241406
235937
239739
241510
235937
238801
239531
240677
241093
242239
239739
237135
238020
241822
241249
239791
241145
241874
239947
238124
239739
238958
242968
239895
244531
239948
236197
239531
240728
239010
242396
238489
239531
240937
237447
241354
239166
245104
239582
238385
240468
239374
239999
238437
240833
242291
239167
239791
243489
240885
238646
241718
241927
237187
242135
272759
272708
275416
240260
242343
238333
238333
237187
241823
241301
237031
241770
240000
239218
239010
239635
237291
239530
239895
239374
241927
240989
239270
240364
239479
240259
239166
242916
238177
241458
288489
297812
307812
271614
291927
273854
311406
275103
332135
284426
303905
278333
307343
272655
306405
276718
293541
284739
239687
239114
239843
238020
235208
240364
241666
244166
360833
237916
239009
241406
240156
241874
237239
273645
272135
239166
240625
240625
239166
237552
240520
239791
241771
240260
240677
240520
237447
240833
237135
237135
237135
236926
237552
237187
240103
239947
299062
240781
239530
239166
258072
240832
243854
241979
237603
240520
237343
239114
240989
238072
291301
239322
240573
287083
241770
241093
271978
241719
239791
281770
242135
290104
239635
238749
238436
238853
272760
237500
236979
275259
240156
239895
275989
240052
236771
272395
240885
235885
274634
240937
237291
311354
237917
274270
274895
240156
241666
282447
235624
294374
242447
244478
239635
276510
237655
237812
240832
270051
243489
234218
240103
273333
250051
238801
293750
241198
235416
271041
236979
239999
273333
242760
239374
274843
242499
241874
276614
241093
239792
271093
237760
239061
268541
239478
240833
239010
240781
238906
275677
237916
240156
273750
241250
322447
271770
238020
240260
272968
238958
239167
237499
310312
237916
242031
271874
236822
239947
270155
240676
238333
272135
239010
238332
271718
240520
238698
282291
238020
237604
269791
237969
238385
275364
246458
244478
278384
239478
331405
280937
237552
241145
272656
236301
240520
272760
240573
237396
290260
234427
240312
308489
236718
242395
275624
239687
237552
274739
242395
273749
238333
277708
238125
238541
278177
242030
276406
239062
234687
276093
237656
240103
278541
241822
239583
273853
238593
244687
273020
240520
239270
240312
271770
235260
239374
272291
240833
240728
274843
322447
238332
277082
240625
239427
273228
244583
239947
267864
238229
238853
274895
242864
235208
275988
239375
240364
275207
238229
239374
275416
242187
242500
290885
241822
238958
310155
235572
239374
274270
242291
239062
274687
241561
240781
279791
239687
240416
273229
238229
237812
274374
238749
239687
241458
289739
237656
235260
271874
237448
240885
308333
323489
237239
272812
238229
237604
270364
239062
236562
238801
240937
268957
234896
240364
294426
241510
251301
270520
238697
245572
293020
238541
245259
306614
321249
240832
274687
237760
238228
273384
236978
272500
241875
241874
272551
238021
239530
243437
241823
274478
238593
238124
274114
242552
240885
267552
240885
240468
275416
238958
241770
276041
242708
240572
273697
241927
240052
294895
240208
240260
271561
241614
241249
271666
241770
238489
272968
240781
242655
275780
237135
241770
273280
237707
237655
274270
242291
245156
242760
239947
242916
238437
274270
240989
243489
271770
246301
242135
326353
239739
238697
380885
241197
238072
279947
242395
241614
276614
238489
235781
273385
239739
243020
273072
242343
239999
271979
239114
240676
270780
239635
236770
272396
239739
237604
286718
236667
241249
279947
239791
284375
272708
240676
240832
273489
239479
237031
238958
270832
240260
246718
269583
238177
241614
278541
238697
244531
273176
242239
248020
269999
240052
238906
271979
241354
241822
282134
238332
239687
274427
237707
240207
269270
240260
242239
272499
241249
236979
280416
241301
286353
268853
241198
238072
295468
240312
240000
270364
239062
238281
273124
238020
238905
268176
242551
241561
290989
242187
238489
279427
240468
241041
271093
239791
235103
281979
237447
237708
274583
240364
241562
273020
242707
238801
270156
240937
258906
271509
240416
239635
275937
238125
236874
286978
236093
239426
273905
241406
239791
371093
239218
246197
240312
276405
237396
288072
238541
240728
236875
293488
238437
239843
309218
240468
243437
292291
240103
239843
295156
240520
237239
310884
239583
238646
292031
237812
239218
291249
238437
241770
289114
244843
239114
274791
237656
239166
272343
236718
239687
271874
235833
240989
271770
243072
241250
288905
280884
241354
331770
239375
239583
287603
241457
241041
272083
240521
237968
234114
239010
274270
239947
236875
311874
239270
235572
276041
246718
238905
270885
239323
242239
273646
238489
239739
273489
239947
242343
272291
243176
275624
239427
240052
364322
241041
240520
271926
236979
238697
277708
236926
238541
273384
274843
240260
238593
269427
243541
239739
273957
243280
240885
351457
238854
239739
274062
240885
243124
283905
236770
239010
271874
238645
237968
272812
244166
242603
142969
238437
239010
284374
239843
237083
271562
238541
238905
274582
239947
237030
270937
236666
243281
278697
239218
307135
273905
238228
240000
274687
240937
245260
238020
271875
240416
241562
286666
244114
243385
289947
240936
240312
337291
238958
239999
299010
239010
241249
273072
240937
239114
273020
274114
239791
241146
269531
243384
242031
275833
388332
259270
241458
273541
241509
238332
270312
239270
239895
279374
240937
237916
279739
241509
240832
285677
239739
238958
271562
241823
237083
275729
241406
241354
271718
237187
242395
277551
238281
239114
272447
239948
238124
274426
238593
273853
240937
237343
270103
274999
237395
239999
274999
239427
238853
273957
242031
240936
353489
236510
237708
270989
240156
242030
279739
238072
239999
275416
273645
244635
236666
271926
239635
243958
273281
240312
239582
279530
238072
318593
273125
239166
238749
271978
240103
240937
274530
239062
234895
271926
239426
238020
278906
241406
238177
274791
240103
240521
272916
238228
239895
276823
272864
235208
240677
267968
237291
237656
276406
240937
239582
331145
239999
242968
241927
239478
270468
274062
235781
240833
274166
240000
237603
276041
241979
239323
274791
239844
242708
272603
238594
236198
287395
237760
239061
273072
239895
237917
275156
241874
241510
273437
238854
239166
271353
240104
238489
273436
238072
240311
270155
240104
238125
273645
245208
243489
273853
241041
240260
273749
238958
237864
273228
238541
241510
238853
287135
239739
241822
273229
240520
242239
239791
241510
269739
241405
236875
275416
238749
241249
272708
235104
237656
272239
237552
240312
275624
240520
243646
314062
235989
240832
272499
236354
242343
235208
269739
237395
239843
272187
241614
240937
275885
331613
237864
275312
238906
244166
273489
237708
237031
273072
238072
238228
299635
241770
238801
281614
239531
294530
294426
238124
239634
274791
241405
241353
274323
237500
239999
240051
237655
306197
238905
240416
271770
238906
237239
273645
243177
244270
281145
240625
82760
273437
239010
237291
270625
239478
239635
241927
273280
238020
242968
273906
239634
237291
268593
237239
273073
243437
241353
330051
240729
240208
272395
238801
237812
272187
240676
242135
273385
237656
236666
271458
239895
242864
278124
240260
239166
275885
242395
236666
270780
265416
239114
272604
239374
239479
270000
237604
241041
269791
240155
240728
275000
242447
237604
271770
240311
241145
273020
240416
237291
272500
237969
237239
271822
238854
237499
275572
244270
239895
292916
240520
239375
277864
237968
239323
275260
238385
273228
243333
241093
272656
241771
236822
276875
242135
239062
283906
245000
240207
274843
240416
242135
271770
238072
238697
237968
273437
233645
241562
272656
241197
242604
310260
344947
235364
273385
235572
241718
275208
238958
239895
274687
236666
237500
289948
241198
244530
272551
239374
239218
409270
238593
240155
272499
237291
239791
301405
235676
239999
273020
240051
237863
275156
241405
240572
277395
237083
286510
275989
240104
239583
246353
240156
245781
244270
238021
238176
244478
243489
240885
244791
240572
240885
248437
241822
239531
245468
237864
238905
251614
240677
237187
243854
238645
237812
236198
238698
243436
237760
238437
249010
240989
240104
247395
244166
238905
239791
236614
246979
236927
237707
313384
238541
238333
243854
238802
238385
244687
239322
236718
246562
240676
295103
245572
241874
241093
246979
240573
239166
239114
238333
242396
240573
237812
245260
243958
240937
244896
240833
236198
237707
246510
236093
240781
246353
239426
240624
248281
238228
239843
246249
235729
238958
243384
239218
241145
251770
240364
237239
246770
236145
239687
241510
238281
241405
239999
240104
238906
245572
243645
244478
238333
242447
244323
241406
243124
244530
244218
238853
236146
238332
245417
235573
236562
243229
241197
240468
277343
242656
239270
274583
238229
236562
273541
239687
237760
273801
239218
236666
271562
241406
244635
274739
240729
240208
324478
239114
239375
285989
238437
240885
273437
236666
242603
273853
240885
238905
276145
245936
240885
305572
239010
238437
270363
238437
239530
281197
237239
243228
274427
272812
238176
237031
275312
240624
241510
272135
286510
243437
271353
238697
240989
270051
240468
238541
275260
240104
240312
272030
238645
241926
308489
288281
239114
272812
239687
239114
272343
237187
273125
238958
235989
271770
240468
241041
277395
240572
239166
289530
241718
237448
275051
240468
236249
239478
273280
237291
236145
272343
239374
242239
278072
239322
238333
272603
238646
238750
270833
238177
309531
237760
235989
293280
239375
238020
300937
239791
242864
306250
242708
240312
308333
236770
240572
275728
239583
234895
275832
271771
272969
271874
272134
275051
270260
307603
299895
284634
267864
310572
272656
275780
274166
287186
274947
245937
240104
240989
240988
238541
239791
239999
244948
241979
248384
239896
242864
240104
238385
241926
240312
237760
238385
239582
238489
238489
241301
239583
237447
245051
241770
283958
239479
241927
238594
241041
236927
241146
238697
238697
235780
239479
241614
241250
338177
242343
240520
238281
243750
240155
240676
272187
243489
239062
317864
236302
239635
309739
240677
240051
275052
245156
243176
271874
237083
242395
274895
241405
240312
274895
239583
239791
282343
238072
238177
272655
245208
241354
273385
239530
281458
237916
236927
279271
238697
239322
274322
236457
240832
274843
240625
240052
273176
242082
242187
279791
239323
